structure(list(season = c("1980-80", "1981-81", "1982-82", "1983-83", 
"1984-84", "1984-85", "1985-86", "1987-88", "1988-89", "1989-90", 
"1990-91", "1991-92", "1992-93", "1993-94", "1994-95", "1995-96", 
"1996-97", "1997-98", "1998-99", "1999-00", "2000-01", "2001-02", 
"2002-03", "2003-04", "2004-05", "2005-06", "2006-07", "2007-08", 
"2008-09", "2009-10", "1980-80", "1981-81", "1982-82", "1983-83", 
"1984-84", "1984-85", "1985-86", "1987-88", "1988-89", "1989-90", 
"1990-91", "1991-92", "1992-93", "1993-94", "1994-95", "1995-96", 
"1996-97", "1997-98", "1998-99", "1999-00", "2000-01", "2001-02", 
"2002-03", "2003-04", "2004-05", "2005-06", "2006-07", "2007-08", 
"2008-09", "2009-10", "1988-89", "1989-90", "1990-91", "1991-92", 
"1992-93", "1993-94", "1994-95", "1995-96", "1996-97", "1997-98", 
"1998-99", "1999-00", "2000-01", "2001-02", "2002-03", "2003-04", 
"2004-05", "2004-05", "2005-06", "2005-06", "2006-07", "2006-07", 
"2007-08", "2007-08", "2008-09", "2008-09", "2009-10", "2009-10", 
"1980-80", "1981-81", "1982-82", "1983-83", "1984-84", "1984-85", 
"1985-86", "1987-88", "1988-89", "1989-90", "1990-91", "1991-92", 
"1992-93", "1993-94", "1994-95", "1995-96", "1996-97", "1997-98", 
"1998-99", "1999-00", "2000-01", "2001-02", "2002-03", "2003-04", 
"2004-05", "2005-06", "2006-07", "2007-08", "2008-09", "2009-10", 
"1980-80", "1981-81", "1982-82", "1983-83", "1984-84", "1984-85", 
"1985-86", "1987-88", "1988-89", "1989-90", "1990-91", "1991-92", 
"1992-93", "1993-94", "1994-95", "1995-96", "1996-97", "1997-98", 
"1998-99", "1999-00", "2000-01", "2001-02", "2002-03", "2003-04", 
"2004-05", "2005-06", "2006-07", "2007-08", "2008-09", "2009-10", 
"1981-81", "1982-82", "1983-83", "1984-84", "1984-85", "1985-86", 
"1987-88", "1988-89", "1989-90", "1990-91", "1991-92", "1992-93", 
"1993-94", "1994-95", "1995-96", "1996-97", "1997-98", "1998-99", 
"1999-00", "2000-01", "2001-02", "2002-03", "2003-04", "2004-05", 
"2005-06", "2006-07", "2007-08", "2008-09", "2009-10", "1980-80", 
"1981-81", "1982-82", "1983-83", "1984-84", "1984-85", "1985-86", 
"1987-88", "1988-89", "1989-90", "1990-91", "1991-92", "1992-93", 
"1993-94", "1994-95", "1995-96", "1996-97", "1997-98", "1998-99", 
"1999-00", "2000-01", "2001-02", "2002-03", "2003-04", "2004-05", 
"2005-06", "2006-07", "2007-08", "2008-09", "2009-10", "1980-80", 
"1981-81", "1982-82", "1983-83", "1984-84", "1984-85", "1985-86", 
"1987-88", "1988-89", "1989-90", "1990-91", "1991-92", "1992-93", 
"1993-94", "1994-95", "1995-96", "1996-97", "1997-98", "1998-99", 
"1999-00", "2000-01", "2001-02", "2002-03", "2003-04", "2004-05", 
"2005-06", "2006-07", "2007-08", "2008-09", "2009-10", "1980-80", 
"1981-81", "1982-82", "1983-83", "1984-84", "1984-85", "1985-86", 
"1987-88", "1988-89", "1989-90", "1990-91", "1991-92", "1992-93", 
"1993-94", "1994-95", "1995-96", "1996-97", "1997-98", "1998-99", 
"1999-00", "2000-01", "2001-02", "2002-03", "2003-04", "2004-05", 
"2005-06", "2006-07", "2007-08", "2008-09", "2009-10", "1980-80", 
"1981-81", "1982-82", "1983-83", "1984-84", "1984-85", "1985-86", 
"1987-88", "1988-89", "1989-90", "1990-91", "1991-92", "1992-93", 
"1993-94", "1994-95", "1995-96", "1996-97", "1997-98", "1998-99", 
"1999-00", "2000-01", "2001-02", "2002-03", "2003-04", "2004-05", 
"2005-06", "2006-07", "2007-08", "2008-09", "2009-10", "1980-80", 
"1981-81", "1982-82", "1983-83", "1984-84", "1984-85", "1985-86", 
"1987-88", "1988-89", "1989-90", "1990-91", "1991-92", "1992-93", 
"1993-94", "1994-95", "1995-96", "1996-97", "1997-98", "1998-99", 
"1999-00", "2000-01", "2001-02", "2002-03", "2003-04", "2004-05", 
"2005-06", "2006-07", "2007-08", "2008-09", "2009-10", "1980-80", 
"1981-81", "1982-82", "1983-83", "1984-84", "1984-85", "1985-86", 
"1987-88", "1988-89", "1989-90", "1990-91", "1991-92", "1992-93", 
"1993-94", "1994-95", "1995-96", "1996-97", "1997-98", "1998-99", 
"1999-00", "2000-01", "2001-02", "2002-03", "2003-04", "2004-05", 
"2005-06", "2006-07", "2007-08", "2008-09", "2009-10", "1980-80", 
"1981-81", "1982-82", "1983-83", "1984-84", "1984-85", "1985-86", 
"1987-88", "1988-89", "1989-90", "1990-91", "1991-92", "1992-93", 
"1993-94", "1994-95", "1995-96", "1996-97", "1997-98", "1998-99", 
"1999-00", "2000-01", "2001-02", "2002-03", "2003-04", "2004-05", 
"2005-06", "2006-07", "2007-08", "2008-09", "2009-10", "1995-96", 
"1996-97", "1997-98", "1998-99", "1999-00", "2000-01", "2001-02", 
"2002-03", "2003-04", "2004-05", "2005-06", "2006-07", "2007-08", 
"2008-09", "2009-10", "1988-89", "1989-90", "1990-91", "1991-92", 
"1992-93", "1993-94", "1994-95", "1995-96", "1996-97", "1997-98", 
"1998-99", "1999-00", "2000-01", "2001-02", "2002-03", "2003-04", 
"2004-05", "2005-06", "2006-07", "2007-08", "2008-09", "2009-10", 
"1980-80", "1981-81", "1982-82", "1983-83", "1984-84", "1984-85", 
"1985-86", "1987-88", "1988-89", "1989-90", "1990-91", "1991-92", 
"1992-93", "1993-94", "1994-95", "1995-96", "1996-97", "1997-98", 
"1998-99", "1999-00", "2000-01", "2001-02", "2002-03", "2003-04", 
"2004-05", "2005-06", "2006-07", "2007-08", "2008-09", "2009-10", 
"1989-90", "1990-91", "1991-92", "1992-93", "1993-94", "1994-95", 
"1995-96", "1996-97", "1997-98", "1998-99", "1999-00", "2000-01", 
"2001-02", "2002-03", "2003-04", "2004-05", "2005-06", "2006-07", 
"2007-08", "2008-09", "2009-10", "1980-80", "1981-81", "1982-82", 
"1983-83", "1984-84", "1984-85", "1985-86", "1987-88", "1988-89", 
"1989-90", "1990-91", "1991-92", "1992-93", "1993-94", "1994-95", 
"1995-96", "1996-97", "1997-98", "1998-99", "1999-00", "2000-01", 
"2001-02", "2002-03", "2003-04", "2004-05", "2005-06", "2006-07", 
"2007-08", "2008-09", "2009-10", "1980-80", "1981-81", "1982-82", 
"1983-83", "1984-84", "1984-85", "1985-86", "1987-88", "1988-89", 
"1989-90", "1990-91", "1991-92", "1992-93", "1993-94", "1994-95", 
"1995-96", "1996-97", "1997-98", "1998-99", "1999-00", "2000-01", 
"2001-02", "2002-03", "2003-04", "2004-05", "2005-06", "2006-07", 
"2007-08", "2008-09", "2009-10", "1980-80", "1981-81", "1982-82", 
"1983-83", "1984-84", "1984-85", "1985-86", "1987-88", "1988-89", 
"1989-90", "1990-91", "1991-92", "1992-93", "1993-94", "1994-95", 
"1995-96", "1996-97", "1997-98", "1998-99", "1999-00", "2000-01", 
"2001-02", "2002-03", "2003-04", "2004-05", "2005-06", "2006-07", 
"2007-08", "2008-09", "2009-10", "1989-90", "1990-91", "1991-92", 
"1992-93", "1993-94", "1994-95", "1995-96", "1996-97", "1997-98", 
"1998-99", "1999-00", "2000-01", "2001-02", "2002-03", "2003-04", 
"2004-05", "2005-06", "2006-07", "2007-08", "2008-09", "2009-10", 
"1980-80", "1981-81", "1982-82", "1983-83", "1984-84", "1984-85", 
"1985-86", "1987-88", "1988-89", "1989-90", "1990-91", "1991-92", 
"1992-93", "1993-94", "1994-95", "1995-96", "1996-97", "1997-98", 
"1998-99", "1999-00", "2000-01", "2001-02", "2002-03", "2003-04", 
"2004-05", "2005-06", "2006-07", "2007-08", "2008-09", "2009-10", 
"1980-80", "1981-81", "1982-82", "1983-83", "1984-84", "1984-85", 
"1985-86", "1987-88", "1988-89", "1989-90", "1990-91", "1991-92", 
"1992-93", "1993-94", "1994-95", "1995-96", "1996-97", "1997-98", 
"1998-99", "1999-00", "2000-01", "2001-02", "2002-03", "2003-04", 
"2004-05", "2005-06", "2006-07", "2007-08", "2008-09", "2009-10", 
"1980-80", "1981-81", "1982-82", "1983-83", "1984-84", "1984-85", 
"1985-86", "1987-88", "1988-89", "1989-90", "1990-91", "1991-92", 
"1992-93", "1993-94", "1994-95", "1995-96", "1996-97", "1997-98", 
"1998-99", "1999-00", "2000-01", "2001-02", "2002-03", "2003-04", 
"2004-05", "2005-06", "2006-07", "2007-08", "2008-09", "2009-10", 
"1980-80", "1981-81", "1982-82", "1983-83", "1984-84", "1984-85", 
"1985-86", "1987-88", "1988-89", "1989-90", "1990-91", "1991-92", 
"1992-93", "1993-94", "1994-95", "1995-96", "1996-97", "1997-98", 
"1998-99", "1999-00", "2000-01", "2001-02", "2002-03", "2003-04", 
"2004-05", "2005-06", "2006-07", "2007-08", "2008-09", "2009-10", 
"1980-80", "1981-81", "1982-82", "1983-83", "1984-84", "1984-85", 
