structure(list(ModelIter = c("1", "2", "3", "4", "5"), negbinomial = c(0.20651008974072, 
0.0957824560432987, 0.257069534580699, 0.373458585087859, 0.0671793345474241
), zeroInflMdl = c(6.28914738880682e-09, 8.22812978502129e-24, 
1.2771790440146e-09, 0.999999992433674, 2.58441035459914e-41)), row.names = c(NA, 
-5L), class = c("tbl_df", "tbl", "data.frame"))
