c(SkewMdl_1 = 0.129279462766947, SkewMdl_2 = 0.241552355389629, 
SkewMdl_3 = 0.216247223730853, SkewMdl_4 = 0.21002219000784, 
SkewMdl_5 = 0.202898768104732)
